-0.0599996410241193	7.34782855787778E-18	-52.5001799994661
-0.119999282048239	1.47707886765413E-17	-42.5003599989323
-0.179998923072358	2.21295787735679E-17	-32.5005399983984
-0.239998564096477	2.94379595369574E-17	-22.5007199978646
-0.299998205120597	3.67333422196426E-17	-12.5008999973307
-0.359997846144716	4.40096026187532E-17	-2.50107999679685
-0.419997487168835	5.13043017883645E-17	7.49874000373701
-0.479997128192955	5.86048285802214E-17	17.4985600042709
-0.539996769217074	6.59235622535536E-17	27.4983800048047
-0.599996410241193	7.32249972426374E-17	37.4982000053386
-0.659996051265313	8.05476597693101E-17	47.4980200058724
-0.719995692289432	8.78183355483044E-17	57.4978400064063
-0.779995333313552	9.51583818300858E-17	67.4976600069402
-0.839994974337671	1.02514725283274E-16	77.497480007474
-0.899994615361791	1.09855688950307E-16	87.4973000080079
-0.959994256385911	1.1716430145928E-16	97.4971200085417
-1.01999389741003	1.24499045789993E-16	107.496940009076
-1.07999353843415	1.31830077628374E-16	117.496760009609
-1.13999317945827	1.39139153025403E-16	127.496580010143
-1.19999282048239	1.46345957470203E-16	137.496400010677
-1.25999246150651	1.53541795354794E-16	147.496220011211
-1.31999210253063	1.60755712944813E-16	157.496040011745
-1.37999174355475	1.67903519594242E-16	167.495860012279
-1.43999138457887	1.75067412556111E-16	177.495680012813
-1.49999102560299	1.82192790593984E-16	187.495500013346
-1.55999066662711	1.89333358819355E-16	197.49532001388
-1.61999030765123	1.96524692691797E-16	207.495140014414
-1.67998994867535	2.03781243530596E-16	217.494960014948
-1.73998958969947	2.11128113063453E-16	227.494780015482
-1.79998923072359	2.18515588025568E-16	237.494600016016
-1.85998887174771	2.25915867636239E-16	247.49442001655
-1.91998851277183	2.33250655352562E-16	257.494240017084
-1.97998815379596	2.40567759997769E-16	267.494060017617
-2.03998779482008	2.47967965774976E-16	277.493880018151
-2.0999874358442	2.55069817952545E-16	287.493700018685
-2.15998707686832	2.6224394080277E-16	297.493520019219
-2.21998671789244	2.69469661887898E-16	307.493340019753
-2.27998635891656	2.76924586318217E-16	317.493160020287
-2.33998599994068	2.84368543356636E-16	327.492980020821
-2.3999856409648	2.9198560496335E-16	337.492800021355
-2.45998528198892	2.9974304045436E-16	347.492620021888
-2.51998492301304	3.07523086033308E-16	357.492440022422
-2.57998456403716	3.15544934192222E-16	367.492260022956
-2.63998420506128	3.23587661988418E-16	377.49208002349
-2.6999838460854	3.31640465835097E-16	387.491900024024
-2.75998348710952	3.39572056557051E-16	397.491720024558
-2.81998312813364	3.47419897132461E-16	407.491540025092
-2.87998276915776	3.55177472606448E-16	417.491360025626
-2.93998241018188	3.62953514475558E-16	427.491180026159
-2.999982051206	3.70793131003304E-16	437.491000026693
-3.05998169223012	3.78607067597818E-16	447.490820027227
-3.11998133325425	3.86428935285246E-16	457.490640027761
-3.17998097427837	3.94171164864718E-16	467.490460028295
-3.23998061530249	4.01976237773634E-16	477.490280028829
-3.29998025632663	4.09808780601313E-16	487.490100029363
-3.35997989735078	4.17785068002007E-16	497.489920029897
-3.41997953837497	4.25801736411229E-16	507.48974003043
-3.47997917939924	4.33784072427322E-16	517.489560030964
-3.53997882042371	4.41800114498466E-16	527.489380031498
-3.59997846144865	4.49643471415161E-16	537.489200032032
-3.65997810245658	4.57423716258802E-16	547.489020032566
-3.71997774343279	4.65246077272161E-16	557.4888400331
-3.77997738441514	4.73097250908941E-16	567.488660033634
-3.83997702548564	4.81006933872148E-16	577.488480034168
-3.89997666682395	4.88918631371414E-16	587.4883000347
-3.959976311854	4.9691394852536E-16	597.48812003521
-4.01997747558561	5.04672079903904E-16	607.487940026607
-4.08132740578134	5.13568491252712E-16	617.487751811399
-4.14487072547808	5.21964566915942E-16	627.48754986153
-4.21060445961691	5.30280818958574E-16	637.487333753003
-4.27852762548893	5.38738939019654E-16	647.48710301257
-4.34864096624638	5.47310488050511E-16	657.486857155531
-4.42094684117848	5.56394090938298E-16	667.486595685018
-4.49544912348621	5.65653428947519E-16	677.486318091332
-4.57215310468908	5.74343954407079E-16	687.486023851347
-4.65106538426394	5.82857248415031E-16	697.48571242812
-4.73219377714909	5.92343195442351E-16	707.48538327048
-4.8155472167304	6.01312362387832E-16	717.485035812738
-4.90113555243272	6.100577221322E-16	727.484669475407
-4.98896967321405	6.18525195597095E-16	737.484283663255
-5.07906130359577	6.26250515104084E-16	747.483877766194
-5.17142290123923	6.33200471951052E-16	757.483451159423
-5.26606756995108	6.39609672038019E-16	767.483003203543
-5.36300896434355	6.4608079550419E-16	777.48253324484
-5.46226119753803	6.52719419519662E-16	787.48204061564
-5.56383003274263	6.63532847146168E-16	797.48152472381
-5.66560025889032	6.72560379403083E-16	807.481006850947
-5.76737085354089	6.81938402126914E-16	817.48048897484
-5.8691414512253	6.91351738273442E-16	827.479971098703
-5.97091204912865	7.00773922874248E-16	837.479453222563
-6.07268264708514	7.10338144389464E-16	847.478935346423
-6.17445324504128	7.19981643999557E-16	857.478417470283
-6.27622384297548	7.29760135452299E-16	867.477899594143
-6.37799444088786	7.39386214947492E-16	877.477381718003
-6.47976503879579	7.49103372557986E-16	887.476863841863
-6.58153563670398	7.58640747782261E-16	897.476345965724
-6.68330623461228	7.6814359593416E-16	907.475828089584
-6.78507683252065	7.77656373912646E-16	917.475310213444
-6.88684743042904	7.87399800579873E-16	927.474792337305
-6.98861802833746	7.96968100484562E-16	937.474274461165
-7.09038862624435	8.06722214440878E-16	947.473756585025
-7.19215922415142	8.16576010149278E-16	957.473238708885
-7.29392982206191	8.26446441177183E-16	967.472720832746
-7.39570042010581	8.36191607462211E-16	977.472202956605
-7.49747103230759	8.46251463076391E-16	987.471685080319
-7.59924816455217	8.5635156775478E-16	997.471167137673
-7.70476035490827	8.5232379340237E-16	1007.47061030665
-7.81516848151264	8.42715988920021E-16	1017.47000049071
-7.93044114443525	8.28649102750128E-16	1027.46933578349
-8.05054169027406	8.10248418252519E-16	1037.46861425906
-8.17542925664816	7.88057315240033E-16	1047.46783409699
-8.30505900770786	7.62394488523154E-16	1057.46699358695
-8.4393824431237	7.33749861962786E-16	1067.46609113159
-8.57834773397398	7.03341270640289E-16	1077.46512524801
-8.72190008293851	6.70755231088561E-16	1087.46409456804
-8.86998446708595	6.36472388252653E-16	1097.46299780191
-9.02336158173249	5.95044137806975E-16	1107.46182115552
-9.18248287976073	5.48021682639636E-16	1117.46055468348
-9.34729794859051	4.96135161438969E-16	1127.45919598556
-9.51774985270858	4.40720370803772E-16	1137.45774279018
-9.69377639862246	3.81540683221885E-16	1147.45619301436
-9.87531064443827	3.18712817647052E-16	1157.45454476518
-10.0622817015288	2.53439011009181E-16	1167.45279633398
-10.2546152083039	1.8617500094563E-16	1177.45094619444
-10.4522340028005	1.17260204100298E-16	1187.44899299506
-10.6550736851608	4.73959587609232E-17	1197.44693524572
-10.864447449601	-3.35889806531201E-17	1207.44474260281
-11.0810144111464	-1.25765943875032E-16	1217.44239661819
-11.3047295581523	-2.27675914502347E-16	1227.43989324256
-11.5355362276877	-3.38519353373462E-16	1237.43722867278
-11.7733694373317	-4.57105258942098E-16	1247.43439942338
-12.0181470368356	-5.82575687462042E-16	1257.4314025676
-12.2697902423592	-7.13938857734357E-16	1267.4282352614
-12.5282138255157	-8.50934285803101E-16	1277.42489499118
-12.793328996987	-9.92559708068941E-16	1287.42137951055
-13.0652314829407	-1.1395195875779E-15	1297.41768170261
-13.3474169502868	-1.29881097873945E-15	1307.41369815468
-13.640314600835	-1.46903934809095E-15	1317.40940634675
-13.9437900906783	-1.64947030926122E-15	1327.40479901716
-14.2576902600504	-1.83752994894968E-15	1337.39986977707
-14.5818483130029	-2.0325744606601E-15	1347.39461315697
-14.9160850427905	-2.23391321718738E-15	1357.38902461498
-15.2602125652331	-2.44090072586544E-15	1367.38310044865
-15.6140385072941	-2.65278446424051E-15	1377.37683767078
-15.9773681391024	-2.86944711358563E-15	1387.37023393906
-16.3500056942005	-3.08984479623453E-15	1397.36328750486
-16.7317552890575	-3.31310076849417E-15	1407.35599717065
-17.1224164532792	-3.539138128851E-15	1417.34836245499
-17.5217852756307	-3.76866860195548E-15	1427.34038354996
-17.9296622179721	-4.00107897283379E-15	1437.33206100058
-18.3458495174223	-4.23609571952157E-15	1447.32339578831
-18.770132279236	-4.47329844726908E-15	1457.31439011961
-19.2021866080724	-4.71052276598363E-15	1467.30505145574
-19.6413491659526	-4.93988053023808E-15	1477.29540298087
-20.0868628738574	-5.1537641965948E-15	1487.28547342285
-20.5384300619673	-5.35154563633633E-15	1497.27527211441
-20.9958924690956	-5.53458072092339E-15	1507.264802606
-21.4590984631664	-5.70456968734879E-15	1517.25406844211
-21.9278954705848	-5.86268803506353E-15	1527.24307347445
-22.4021303508421	-6.01058908006268E-15	1537.23182183803
-22.8816501553079	-6.14790275134713E-15	1547.22031790902
-23.3663028337391	-6.27637100153208E-15	1557.20856626299
-23.8559378579141	-6.39725266180907E-15	1567.19657163561
-24.3504067622692	-6.51104554838252E-15	1577.184338886
-24.8495636051456	-6.61817765466049E-15	1587.171872963
-25.3532653553488	-6.72040398590602E-15	1597.15917887453
-25.8613722093245	-6.81817122225731E-15	1607.1462616599
-26.3737478444754	-6.91246511026776E-15	1617.13312636518
-26.8902596505042	-7.00373356118182E-15	1627.11977801958
-27.4107787903418	-7.09285160361222E-15	1637.10622162078
-27.9351803552868	-7.18044277445201E-15	1647.0924621156
-28.4633443237527	-7.26735989191922E-15	1657.07850433832
-28.9951600317881	-7.35363961732828E-15	1667.06435276045
-29.5302930160065	-7.43758585864463E-15	1677.05002399129
-30.0670720045516	-7.5215160707052E-15	1687.03560698069
-30.6040959703916	-7.60653125395946E-15	1697.02117683149
-31.1411441055585	-7.69162473645737E-15	1707.00674538317
-31.6781949505047	-7.77670289557953E-15	1716.99231378912
-32.2152461647941	-7.86147863706199E-15	1726.97788217521
-32.7522974397482	-7.946184273961E-15	1736.96345055804
-33.2893487264888	-8.03087318530794E-15	1746.94901894023
-33.8264000158854	-8.11546758911526E-15	1756.93458732227
-34.3634513059634	-8.20003415593529E-15	1766.92015570429
-34.900502596237	-8.28471184997414E-15	1776.90572408629
-35.4375538865724	-8.36955854560412E-15	1786.89129246828
-35.9746051769291	-8.45419133389666E-15	1796.87686085028
-36.5116564672935	-8.53890126707714E-15	1806.86242923228
-37.0487077576609	-8.62353792638768E-15	1816.84799761427
-37.5857590480294	-8.70815285772E-15	1826.83356599627
-38.1228103383984	-8.79257555242629E-15	1836.81913437826
-38.6598616287675	-8.87693726088709E-15	1846.80470276026
-39.1969129191366	-8.9613401333445E-15	1856.79027114225
-39.7339642095057	-9.04571644971796E-15	1866.77583952425
-40.2710154998747	-9.13015346431778E-15	1876.76140790625
-40.8080667902437	-9.21442852962313E-15	1886.74697628824
-41.3451180806125	-9.29866068184716E-15	1896.73254467024
-41.8821693709813	-9.38286268988224E-15	1906.71811305223
-42.4192206613501	-9.46728279448948E-15	1916.70368143423
-42.9562719517188	-9.55188809917028E-15	1926.68924981622
-43.4933232420874	-9.63648678885901E-15	1936.67481819822
-44.030374532456	-9.72116266479394E-15	1946.66038658022
-44.5674258228246	-9.80558830891418E-15	1956.64595496221
-45.1044771131931	-9.88992037925522E-15	1966.63152334421
-45.6415284035616	-9.97450057697189E-15	1976.6170917262
-46.17857969393	-1.00589869287589E-14	1986.6026601082
-46.7156309842984	-1.01437586211703E-14	1996.58822849019
-47.2526822746668	-1.02284335306394E-14	2006.57379687219
-47.7897335650352	-1.03131760365184E-14	2016.55936525419
-48.3267848554036	-1.03979855967195E-14	2026.54493363618
-48.8638361457719	-1.04825690055937E-14	2036.53050201818
-49.4008874361402	-1.0567195698296E-14	2046.51607040017
-49.9379387265085	-1.06518638329547E-14	2056.50163878217
-50.4749900168768	-1.07365347380943E-14	2066.48720716416
-51.012041307245	-1.08210810836383E-14	2076.47277554616
-51.5490925976132	-1.09055996800614E-14	2086.45834392816
-52.0861438879815	-1.09901072014255E-14	2096.44391231015
-52.6231951783497	-1.10745862487761E-14	2106.42948069215
-53.1602464687179	-1.11591194911325E-14	2116.41504907414
-53.6972977590861	-1.12437852645843E-14	2126.40061745614
-54.2343490494543	-1.13284768845036E-14	2136.38618583813
-54.7714003398225	-1.14132588887971E-14	2146.37175422013
-55.3084516301907	-1.14980659997007E-14	2156.35732260213
-55.8455029205588	-1.15828490055552E-14	2166.34289098412
-56.382554210927	-1.16676367480308E-14	2176.32845936612
-56.9196055012951	-1.17525090409422E-14	2186.31402774811
-57.4566567916633	-1.18374312195002E-14	2196.29959613011
-57.9937080820314	-1.19223477587812E-14	2206.2851645121
-58.5307593723995	-1.20072908385782E-14	2216.2707328941
-59.0678106627677	-1.20921567643812E-14	2226.2563012761
-59.6048619531358	-1.21770541232958E-14	2236.24186965809
-60.1419132435039	-1.22618791492507E-14	2246.22743804009
-60.678964533872	-1.23468412837483E-14	2256.21300642208
-61.2160158242401	-1.24317971985752E-14	2266.19857480408
-61.7530671146082	-1.25168027119278E-14	2276.18414318607
-62.2901184049763	-1.26018479756289E-14	2286.16971156807
-62.8271696953444	-1.26869737330977E-14	2296.15527995007
-63.3642209857125	-1.2772158029124E-14	2306.14084833206
-63.9012722760806	-1.28573110535791E-14	2316.12641671406
-64.4383235664486	-1.29425151979993E-14	2326.11198509605
-64.9753748568167	-1.30277814473744E-14	2336.09755347805
-65.5124261471848	-1.311304639075E-14	2346.08312186004
-66.0494774375529	-1.31984326933952E-14	2356.06869024204
-66.586528727921	-1.3283823384799E-14	2366.05425862403
-67.123580018289	-1.33692659077775E-14	2376.03982700603
-67.6606313086571	-1.34547920005294E-14	2386.02539538803
-68.1976825990252	-1.35404160920306E-14	2396.01096377002
-68.7347338893932	-1.36260598725073E-14	2405.99653215202
-69.2717851797613	-1.3711696229047E-14	2415.98210053401
-69.8088364701294	-1.37973980025553E-14	2425.96766891601
-70.3458877604974	-1.3883159116257E-14	2435.953237298
-70.8829390508655	-1.39690116486699E-14	2445.93880568
-71.4199903412335	-1.40548409497509E-14	2455.924374062
-71.9570416316016	-1.41406929886782E-14	2465.90994244399
-72.4940929219696	-1.42265425600221E-14	2475.89551082599
-73.0311442123377	-1.43124078094649E-14	2485.88107920798
-73.5681955027057	-1.43982762047151E-14	2495.86664758998
-74.1052467930738	-1.44841258265209E-14	2505.85221597197
-74.6422980834418	-1.45699681698074E-14	2515.83778435397
-75.1793493738099	-1.46557732990219E-14	2525.82335273597
-75.716400664178	-1.47416629243791E-14	2535.80892111796
-76.253451954546	-1.48275240128025E-14	2545.79448949996
-76.790503244914	-1.4913422979117E-14	2555.78005788195
-77.3275545352821	-1.49994002926511E-14	2565.76562626395
-77.8646058256502	-1.50853741171949E-14	2575.75119464594
-78.4016571160182	-1.51713193996616E-14	2585.73676302794
-78.9387084063862	-1.52572711359389E-14	2595.72233140994
-79.4757596967543	-1.53431914851317E-14	2605.70789979193
-80.0128109871223	-1.5429107216638E-14	2615.69346817393
-80.5498622774904	-1.55150537535243E-14	2625.67903655592
-81.0869135678584	-1.56010335353847E-14	2635.66460493792
-81.6239648582264	-1.5687036667151E-14	2645.65017331991
-82.1610161485945	-1.5773023699077E-14	2655.63574170191
-82.6980674389625	-1.58590425290918E-14	2665.62131008391
-83.2351187293306	-1.59450698515376E-14	2675.6068784659
-83.7721700196986	-1.60310525895353E-14	2685.5924468479
-84.3092213100666	-1.61170763109527E-14	2695.57801522989
-84.8462726004347	-1.62030657094969E-14	2705.56358361189
-85.3833238908027	-1.62890841940165E-14	2715.54915199388
-85.9203751811708	-1.63751553260084E-14	2725.53472037588
-86.4574264715388	-1.64612034019022E-14	2735.52028875788
-86.9944777619068	-1.65473289812868E-14	2745.50585713987
-87.5315290522749	-1.66334084190492E-14	2755.49142552187
-88.0685803426429	-1.67195254542075E-14	2765.47699390386
-88.605631633011	-1.68056703461902E-14	2775.46256228586
-89.142682923379	-1.6891801131904E-14	2785.44813066785
-89.679734213747	-1.69778846670967E-14	2795.43369904985
-90.2167855041151	-1.70639896724696E-14	2805.41926743185
-90.7538367944831	-1.71500712827855E-14	2815.40483581384
-91.2908880848512	-1.7236307364364E-14	2825.39040419584
-91.8279393752192	-1.73225815429205E-14	2835.37597257783
-92.3649906655872	-1.74088355540795E-14	2845.36154095983
-92.9020419559553	-1.74950528315357E-14	2855.34710934182
-93.4390932463233	-1.75813020613919E-14	2865.33267772382
-93.9761445366914	-1.76675038570209E-14	2875.31824610582
-94.5131958270594	-1.7753716174171E-14	2885.30381448781
-95.0502471174274	-1.78399194096037E-14	2895.28938286981
-95.5872984077955	-1.79260693687818E-14	2905.2749512518
-96.1243496981635	-1.80121507399648E-14	2915.2605196338
-96.6614009885316	-1.80981882724472E-14	2925.24608801579
-97.1984522788996	-1.81842402738394E-14	2935.23165639779
-97.7355035692676	-1.82703302537181E-14	2945.21722477979
-98.2725548596357	-1.83564504057564E-14	2955.20279316178
-98.8096061500037	-1.84425928090574E-14	2965.18836154378
-99.3466574403718	-1.85287638101098E-14	2975.17392992577
-99.8837087307398	-1.86148996417503E-14	2985.15949830777
-0.0599996410241193	7.3478308674821E-18	-52.5001799994661
-0.119999282048239	1.47498239614271E-17	-42.5003599989323
-0.179998923072358	2.21055569856001E-17	-32.5005399983984
-0.239998564096477	2.94249499987878E-17	-22.5007199978646
-0.299998205120597	3.67349727156137E-17	-12.5008999973307
-0.359997846144716	4.40312102076601E-17	-2.50107999679685
-0.419997487168835	5.13407401809637E-17	7.49874000373701
-0.479997128192955	5.86544712781692E-17	17.4985600042709
-0.539996769217074	6.60177198109619E-17	27.4983800048047
-0.599996410241193	7.33684977489211E-17	37.4982000053386
-0.659996051265313	8.07345974998606E-17	47.4980200058725
-0.719995692289432	8.80632200843509E-17	57.4978400064063
-0.779995333313552	9.54418895845595E-17	67.4976600069402
-0.839994974337671	1.02832061810046E-16	77.497480007474
-0.899994615361791	1.10211175142282E-16	87.4973000080079
-0.95999425638591	1.17566881461012E-16	97.4971200085417
-1.01999389741003	1.24941454540028E-16	107.496940009076
-1.07999353843415	1.32313398573876E-16	117.496760009609
-1.13999317945827	1.39669514243189E-16	127.496580010143
-1.19999282048239	1.4695125985146E-16	137.496400010677
-1.25999246150651	1.54225307735765E-16	147.496220011211
-1.31999210253063	1.61512086620485E-16	157.496040011745
-1.37999174355475	1.68842432909251E-16	167.495860012279
-1.43999138457887	1.7618414883265E-16	177.495680012813
-1.49999102560299	1.83498742488426E-16	187.495500013346
-1.55999066662711	1.90824438039342E-16	197.49532001388
-1.61999030765123	1.98186030739227E-16	207.495140014414
-1.67998994867535	2.0558484431218E-16	217.494960014948
-1.73998958969947	2.13049408049294E-16	227.494780015482
-1.79998923072359	2.20523879542693E-16	237.494600016016
-1.85998887174771	2.27983845277653E-16	247.49442001655
-1.91998851277183	2.35395160546892E-16	257.494240017084
-1.97998815379595	2.42793879421784E-16	267.494060017617
-2.03998779482007	2.5026841459287E-16	277.493880018151
-2.09998743584419	2.57524424745372E-16	287.493700018685
-2.15998707686831	2.64831137651919E-16	297.493520019219
-2.21998671789243	2.72183359237485E-16	307.493340019753
-2.27998635891655	2.79696046578689E-16	317.493160020287
-2.33998599994067	2.87202000096221E-16	327.492980020821
-2.39998564096479	2.94798035756583E-16	337.492800021355
-2.45998528198891	3.02475104011099E-16	347.492620021888
-2.51998492301303	3.10183450353365E-16	357.492440022422
-2.57998456403715	3.18072353586103E-16	367.492260022956
-2.63998420506127	3.25980809986888E-16	377.49208002349
-2.69998384608539	3.3389820849404E-16	387.491900024024
-2.75998348710951	3.417380600024E-16	397.491720024558
-2.81998312813363	3.49532517811386E-16	407.491540025092
-2.87998276915775	3.57261080442501E-16	417.491360025626
-2.93998241018187	3.64966867227475E-16	427.491180026159
-2.99998205120599	3.72743156664992E-16	437.491000026693
-3.05998169223011	3.80517478414914E-16	447.490820027227
-3.11998133325423	3.88319964484875E-16	457.490640027761
-3.17998097427836	3.96122310393254E-16	467.490460028295
-3.23998061530248	4.03960671143353E-16	477.490280028829
-3.29998025632661	4.11833149766721E-16	487.490100029363
-3.35997989735075	4.19853777102893E-16	497.489920029897
-3.41997953837492	4.2790147835619E-16	507.48974003043
-3.47997917939915	4.35992900626547E-16	517.489560030964
-3.53997882042352	4.4413379148051E-16	527.489380031498
-3.59997846144824	4.52230126647427E-16	537.489200032032
-3.65997810246068	4.60350057099473E-16	547.489020032566
-3.71997774345026	4.68361689386353E-16	557.4888400331
-3.77997738444427	4.76366516210671E-16	567.488660033634
-3.83997702550183	4.84275734606857E-16	577.488480034168
-3.89997666675244	4.92141066329565E-16	587.4883000347
-3.95997631066443	5.00042647440153E-16	597.488120035217
-4.01997704940604	5.08077152650252E-16	607.487940029164
-4.0809501117594	5.15827266394729E-16	617.487754129902
-4.14350420833263	5.23014956688755E-16	627.487558445984
-4.2076366247902	5.30136708423444E-16	637.487352764377
-4.27334569813663	5.37147051039585E-16	647.487136846846
-4.34063068318412	5.44143267771035E-16	657.486910449769
-4.40949169510914	5.51556738744369E-16	667.48667332395
-4.47992965760021	5.59126201731663E-16	677.486425214449
-4.55194625599935	5.66379533512373E-16	687.486165860402
-4.6255438797792	5.73216899422842E-16	697.485894994967
-4.7007255782006	5.79637746637603E-16	707.485612345207
-4.77749501283131	5.86246985254612E-16	717.485317632038
-4.85585633334969	5.92727246886323E-16	727.48501057081
-4.93581429121212	5.99444495041634E-16	737.484690870073
-5.01737411659007	6.06149865483221E-16	747.4843582322
-5.10054146317408	6.12602564708776E-16	757.48401235353
-5.18532237426502	6.18831196459071E-16	767.483652924371
-5.27172323669271	6.245065447956E-16	777.48327962914
-5.35975073613877	6.30386236640648E-16	787.482892146516
-5.44940583970657	6.37473287401464E-16	797.482490203435
-5.53919312453064	6.42498573914868E-16	807.482087107266
-5.62898064517113	6.47453992216348E-16	817.481684009198
-5.71876816775746	6.52216814943633E-16	827.481280911113
-5.80855569049314	6.57071620432418E-16	837.480877813027
-5.89834321326551	6.62081714864064E-16	847.48047471494
-5.98813073603704	6.6708820559504E-16	857.480071616854
-6.0779182587929	6.72257638586103E-16	867.479668518767
-6.16770578153266	6.7738064398369E-16	877.479265420681
-6.25749330426911	6.82499257277421E-16	887.478862322594
-6.34728082700573	6.87649641196271E-16	897.478459224508
-6.43706834974243	6.92764648220514E-16	907.478056126422
-6.52685587247918	6.97936125844486E-16	917.477653028335
-6.61664339521595	7.03356780494498E-16	927.477249930249
-6.70643091795274	7.08774827135133E-16	937.476846832163
-6.7962184406884	7.13867775138316E-16	947.476443734076
-6.88600596342417	7.18935189234476E-16	957.47604063599
-6.97579348616188	7.23853538364375E-16	967.475637537904
-7.06558100897517	7.28439748115696E-16	977.475234439817
-7.1553685399341	7.33095434142453E-16	987.474831341656
-7.24515996428142	7.38028179358858E-16	997.474428208536
-7.33760652186415	7.3104762590132E-16	1007.47400079297
-7.43364841339144	7.18326362021852E-16	1017.4735394185
-7.53327426058512	6.99980258165637E-16	1027.47304298014
-7.63646901677298	6.77726435953513E-16	1037.47251034885
-7.74321445175381	6.50973305024578E-16	1047.47194044563
-7.85348927930831	6.20730128402244E-16	1057.47133224454
-7.96726930957234	5.86396582356875E-16	1067.47068477524
-8.08452760670921	5.49291070576852E-16	1077.46999712495
-8.20523474594245	5.10261711291612E-16	1087.46926843905
-8.32936034486193	4.69258880874054E-16	1097.46849790507
-8.45739699677999	4.22540925356315E-16	1107.46767801103
-8.58970011499769	3.69365451304179E-16	1117.46680253939
-8.72624994469324	3.10729971985657E-16	1127.46586997766
-8.8670220174318	2.47121600584193E-16	1137.46487886686
-9.01198777392274	1.79186684391932E-16	1147.46382783824
-9.1611148217714	1.07183190702778E-16	1157.4627156161
-9.31436721873034	3.14019606106204E-17	1167.4615410195
-9.47170577811384	-4.72714639478359E-17	1177.46030296302
-9.6330884392639	-1.28937292174579E-16	1187.45900045557
-9.79847852264792	-2.12669630491423E-16	1197.45763246725
-9.96867073346028	-3.07697127085779E-16	1207.45618380456
-10.1441440410214	-4.14098290333545E-16	1217.45464379317
-10.3248936707216	-5.30180314281042E-16	1227.45300979015
-10.5109081545037	-6.56851401094294E-16	1237.45127922441
-10.7021739155895	-7.93312932992436E-16	1247.44944958266
-10.8986685886466	-9.37793988552197E-16	1257.44751854652
-11.1003644907985	-1.09028958278674E-15	1267.44548393943
-11.3072287627574	-1.24977746125298E-15	1277.44334373504
-11.5192245606728	-1.41451298267779E-15	1287.44109604225
-11.7363983899296	-1.5856192541614E-15	1297.43873720517
-11.9612485737788	-1.77392470340154E-15	1307.43620826821
-12.1941281792368	-1.97959140646907E-15	1317.43349544844
-12.4349677789513	-2.19982903805444E-15	1327.43059404947
-12.683689571419	-2.43305107365497E-15	1337.42749966718
-12.9402090311657	-2.67816880306223E-15	1347.42420825338
-13.2044347745223	-2.93534449278848E-15	1357.42071613869
-13.4762692900318	-3.2041610976961E-15	1367.41702003132
-13.7556101301451	-3.48190598754842E-15	1377.41311699961
-14.0423504102925	-3.76916651369753E-15	1387.40900446968
-14.3363791857166	-4.06598170065836E-15	1397.40468022418
-14.6375820569591	-4.37046490252502E-15	1407.40014239227
-14.9458290508057	-4.68144255440659E-15	1417.39538983172
-15.2609754676864	-4.99913849195264E-15	1427.39042213908
-15.5828802087176	-5.32317692864773E-15	1437.38523909132
-15.9114049994293	-5.65375826494E-15	1447.37984065893
-16.246407994506	-5.99284608159929E-15	1457.37422720795
-16.5877137101538	-6.33975148717009E-15	1467.3684005338
-16.9350377651315	-6.69199986266226E-15	1477.36236656017
-17.2880539548364	-7.0470950334299E-15	1487.35613319049
-17.6465403065618	-7.4048806758106E-15	1497.34970512682
-18.0103036961365	-7.76619216626802E-15	1507.34308639777
-18.3791520322683	-8.13306532354853E-15	1517.33628130394
-18.7528925863007	-8.50557865902705E-15	1527.3292944635
-19.1313332018179	-8.88506165448892E-15	1537.32213075608
-19.5142835464694	-9.27275123220666E-15	1547.31479526271
-19.9015562182404	-9.66895350337295E-15	1557.30729320868
-20.2929676915076	-1.00751988215031E-14	1567.29962991086
-20.6883391053051	-1.04915583695895E-14	1577.29181072982
-21.0874969012548	-1.09182774333764E-14	1587.28384102722
-21.4902732961696	-1.13569353732163E-14	1597.27572612948
-21.8965067039496	-1.18077904946687E-14	1607.26747129365
-22.3060419631029	-1.22703207156265E-14	1617.25908168143
-22.718730489071	-1.27447088171687E-14	1627.25056233699
-23.1344303376006	-1.32314850378278E-14	1637.24191816916
-23.5530062266752	-1.37309993725238E-14	1647.23315393624
-23.9743306440138	-1.4244002243238E-14	1657.22427418591
-24.3983069756527	-1.47696672558595E-14	1667.21528225861
-24.8247629044635	-1.53064608247361E-14	1677.20618481047
-25.2523789454644	-1.5849971743773E-14	1687.19703783633
-25.6801352518591	-1.63941591375684E-14	1697.18788487437
-26.1079033544409	-1.6938235321932E-14	1707.17873140759
-26.5356726230318	-1.74820943755388E-14	1717.16957789089
-26.963442034995	-1.80257181295407E-14	1727.16042436805
-27.3912114686352	-1.85693843717419E-14	1737.15127084428
-27.8189809062176	-1.91131080447895E-14	1747.14211732034
-28.2467503446424	-1.96568085111264E-14	1757.13296379637
-28.6745197832742	-2.02004775972736E-14	1767.12381027239
-29.1022892219632	-2.07441605847952E-14	1777.11465674841
-29.5300586606697	-2.12877594470521E-14	1787.10550322442
-29.957828099382	-2.18311539194227E-14	1797.09634970044
-30.3855975380963	-2.23746436302777E-14	1807.08719617645
-30.8133669768113	-2.29181742661099E-14	1817.07804265247
-31.2411364155265	-2.34616812489814E-14	1827.06888912848
-31.6689058542418	-2.40051086153446E-14	1837.0597356045
-32.096675292957	-2.45485220975444E-14	1847.05058208051
-32.5244447316722	-2.50917409677525E-14	1857.04142855653
-32.9522141703874	-2.56348865186378E-14	1867.03227503254
-33.3799836091025	-2.6178220265005E-14	1877.02312150856
-33.8077530478175	-2.67214863540068E-14	1887.01396798457
-34.2355224865325	-2.72647902324824E-14	1897.00481446059
-34.6632919252475	-2.78081816492176E-14	1906.9956609366
-35.0910613639624	-2.83515762709085E-14	1916.98650741262
-35.5188308026773	-2.88949357930115E-14	1926.97735388863
-35.9466002413921	-2.94383399389446E-14	1936.96820036465
-36.374369680107	-2.99815650079339E-14	1946.95904684066
-36.8021391188218	-3.05247509485543E-14	1956.94989331668
-37.2299085575365	-3.1067827648934E-14	1966.94073979269
-37.6576779962513	-3.16109149589699E-14	1976.93158626871
-38.085447434966	-3.21540633698285E-14	1986.92243274472
-38.5132168736807	-3.2697207607863E-14	1996.91327922074
-38.9409863123955	-3.3240342620027E-14	2006.90412569676
-39.3687557511102	-3.37834725293508E-14	2016.89497217277
-39.7965251898248	-3.43266111404027E-14	2026.88581864879
-40.2242946285395	-3.4869704161989E-14	2036.8766651248
-40.6520640672542	-3.54128428605734E-14	2046.86751160082
-41.0798335059688	-3.59559464774162E-14	2056.85835807683
-41.5076029446834	-3.6499053322953E-14	2066.84920455285
-41.9353723833981	-3.70422160057344E-14	2076.84005102886
-42.3631418221127	-3.75854471898838E-14	2086.83089750488
-42.7909112608273	-3.81287093707185E-14	2096.82174398089
-43.2186806995419	-3.86719009961637E-14	2106.81259045691
-43.6464501382565	-3.9214976793604E-14	2116.80343693292
-44.074219576971	-3.97581161509097E-14	2126.79428340894
-44.5019890156856	-4.03013387492079E-14	2136.78512988495
-44.9297584544002	-4.08444911355077E-14	2146.77597636097
-45.3575278931148	-4.1387593805666E-14	2156.76682283698
-45.7852973318293	-4.19306313164831E-14	2166.757669313
-46.2130667705439	-4.24735963922355E-14	2176.74851578901
-46.6408362092585	-4.30165214193052E-14	2186.73936226503
-47.068605647973	-4.35594123893234E-14	2196.73020874104
-47.4963750866876	-4.41023236817958E-14	2206.72105521706
-47.9241445254021	-4.46452233816813E-14	2216.71190169307
-48.3519139641167	-4.51881518446025E-14	2226.70274816909
-48.7796834028312	-4.57311159080202E-14	2236.6935946451
-49.2074528415458	-4.62741283298564E-14	2246.68444112112
-49.6352222802603	-4.68171273052188E-14	2256.67528759713
-50.0629917189748	-4.73601387472079E-14	2266.66613407315
-50.4907611576894	-4.79031184824494E-14	2276.65698054916
-50.9185305964039	-4.84460875903074E-14	2286.64782702518
-51.3463000351184	-4.89890650774263E-14	2296.63867350119
-51.7740694738329	-4.95320195505502E-14	2306.62951997721
-52.2018389125475	-5.00749836160548E-14	2316.62036645322
-52.629608351262	-5.06178983497842E-14	2326.61121292924
-53.0573777899765	-5.11607880901401E-14	2336.60205940525
-53.485147228691	-5.1703745161804E-14	2346.59290588127
-53.9129166674055	-5.22466968709295E-14	2356.58375235728
-54.34068610612	-5.27896233921558E-14	2366.5745988333
-54.7684555448345	-5.33325486650918E-14	2376.56544530932
-55.196224983549	-5.38754549447066E-14	2386.55629178533
-55.6239944222636	-5.44184304010594E-14	2396.54713826135
-56.0517638609781	-5.49614933703363E-14	2406.53798473736
-56.4795332996926	-5.55045464019194E-14	2416.52883121338
-56.9073027384071	-5.60475609378571E-14	2426.51967768939
-57.3350721771216	-5.65905163326702E-14	2436.51052416541
-57.7628416158361	-5.71334876663333E-14	2446.50137064142
-58.1906110545506	-5.76764558541697E-14	2456.49221711744
-58.6183804932651	-5.82194462602005E-14	2466.48306359345
-59.0461499319796	-5.87624368524903E-14	2476.47391006947
-59.4739193706941	-5.9305432010717E-14	2486.46475654548
-59.9016888094086	-5.98484587516397E-14	2496.4556030215
-60.3294582481231	-6.03914372284988E-14	2506.44644949751
-60.7572276868376	-6.09344329913933E-14	2516.43729597353
-61.1849971255521	-6.1477451966572E-14	2526.42814244954
-61.6127665642666	-6.20204588242015E-14	2536.41898892556
-62.0405360029811	-6.25634821073428E-14	2546.40983540157
-62.4683054416956	-6.31064710838882E-14	2556.40068187759
-62.8960748804101	-6.36496015323835E-14	2566.3915283536
-63.3238443191246	-6.41927398281999E-14	2576.38237482962
-63.7516137578391	-6.47358512199553E-14	2586.37322130563
-64.1793831965536	-6.5278930195283E-14	2596.36406778165
-64.6071526352681	-6.58219481701924E-14	2606.35491425766
-65.0349220739826	-6.63649589526055E-14	2616.34576073368
-65.4626915126971	-6.69080006762128E-14	2626.33660720969
-65.8904609514116	-6.74510066109036E-14	2636.32745368571
-66.3182303901261	-6.7994086093829E-14	2646.31830016172
-66.7459998288406	-6.85372003891366E-14	2656.30914663774
-67.1737692675551	-6.90802967852516E-14	2666.29999311375
-67.6015387062696	-6.96234003527106E-14	2676.29083958977
-68.0293081449841	-7.01665033285573E-14	2686.28168606578
-68.4570775836985	-7.07096315579172E-14	2696.2725325418
-68.8848470224131	-7.12527910177804E-14	2706.26337901781
-69.3126164611275	-7.17959685182755E-14	2716.25422549383
-69.7403858998421	-7.23391638948724E-14	2726.24507196984
-70.1681553385565	-7.28823590706415E-14	2736.23591844586
-70.5959247772711	-7.34255444936788E-14	2746.22676492188
-71.0236942159855	-7.39687386272809E-14	2756.21761139789
-71.4514636547	-7.45119314238976E-14	2766.20845787391
-71.8792330934145	-7.50550963064451E-14	2776.19930434992
-72.307002532129	-7.55982727495731E-14	2786.19015082594
-72.7347719708435	-7.61414700229527E-14	2796.18099730195
-73.162541409558	-7.66846617888535E-14	2806.17184377797
-73.5903108482725	-7.72278274436121E-14	2816.16269025398
-74.018080286987	-7.77709999194547E-14	2826.15353673
-74.4458497257015	-7.83141715510231E-14	2836.14438320601
-74.873619164416	-7.88574209447887E-14	2846.13522968203
-75.3013886031305	-7.94006970794979E-14	2856.12607615804
-75.729158041845	-7.99439432195386E-14	2866.11692263406
-76.1569274805595	-8.04871947381185E-14	2876.10776911007
-76.584696919274	-8.10304203475257E-14	2886.09861558609
-77.0124663579885	-8.15736577340888E-14	2896.0894620621
-77.440235796703	-8.21169175699745E-14	2906.08030853812
-77.8680052354175	-8.26601882488194E-14	2916.07115501413
-78.295774674132	-8.3203403713853E-14	2926.06200149015
-78.7235441128465	-8.37466532979628E-14	2936.05284796616
-79.151313551561	-8.42898616538198E-14	2946.04369444218
-79.5790829902755	-8.48330842904446E-14	2956.03454091819
-80.00685242899	-8.53763038380759E-14	2966.02538739421
-80.4346218677045	-8.59195105802852E-14	2976.01623387022
-80.862391306419	-8.64627438049735E-14	2986.00708034624
-0.209984568921762	2.5715778733472E-17	72.4977950809573
-0.419969137843525	5.15342633821165E-17	82.4955901619147
-0.629953706765288	7.73069513357484E-17	92.493385242872
-0.83993827568705	1.03203858199497E-16	102.491180323829
-1.04992284460881	1.29108647626838E-16	112.488975404787
-1.25990741353058	1.54781989313623E-16	122.486770485744
-1.46989198245234	1.80358078153522E-16	132.484565566701
-1.6798765513741	2.05573451565262E-16	142.482360647659
-1.88986112029587	2.30697444933532E-16	152.480155728616
-2.09984568921763	2.55731715564491E-16	162.477950809573
-2.3098302581394	2.80798786111203E-16	172.475745890531
-2.51981482706117	3.05693787515984E-16	182.473540971488
-2.72979939598293	3.30568288573394E-16	192.471336052445
-2.9397839649047	3.55124299358573E-16	202.469131133403
-3.14976853382647	3.79888539088526E-16	212.46692621436
-3.35975310274824	4.04507404053007E-16	222.464721295317
-3.56973767167001	4.29103459158102E-16	232.462516376275
-3.77972224059178	4.53585820795683E-16	242.460311457232
-3.98970680951355	4.77365232590449E-16	252.458106538189
-4.19969137843533	5.01161541633954E-16	262.455901619147
-4.4096759473571	5.25194515571853E-16	272.453696700104
-4.61966051627888	5.49599491558087E-16	282.451491781061
-4.82964508520066	5.73406506206454E-16	292.449286862019
-5.03962965412243	5.97280283850491E-16	302.447081942976
-5.24961422304422	6.2189585191759E-16	312.444877023933
-5.459598791966	6.46711016777792E-16	322.442672104891
-5.66958336088778	6.71581938817944E-16	332.440467185848
-5.87956792980957	6.96453552825932E-16	342.438262266805
-6.08955249873135	7.2104093494793E-16	352.436057347763
-6.29953706765314	7.45368558971709E-16	362.43385242872
-6.50952163657493	7.69788221429508E-16	372.431647509677
-6.71950620549672	7.93823151690221E-16	382.429442590635
-6.92949077441851	8.18538710938419E-16	392.427237671592
-7.1394753433403	8.43174517558319E-16	402.425032752549
-7.34945991226209	8.68027025701918E-16	412.422827833507
-7.55944448118388	8.92939433298385E-16	422.420622914464
-7.76942905010566	9.17888417691881E-16	432.418417995421
-7.97941361902745	9.43389191192473E-16	442.416213076379
-8.18939818794924	9.68895568682302E-16	452.414008157336
-8.39938275687104	9.9443535253656E-16	462.411803238293
-8.60936732579287	1.01986142315418E-15	472.409598319251
-8.81935189471474	1.04508191863301E-15	482.407393400208
-9.02933646363674	1.06954907885047E-15	492.405188481165
-9.23932103255899	1.09298992181802E-15	502.402983562123
-9.44930560148184	1.11623177689287E-15	512.40077864308
-9.65929017040601	1.1392277106674E-15	522.398573724037
-9.86927473929743	1.16122624442047E-15	532.396368804995
-10.0792593081064	1.18365236830458E-15	542.394163885955
-10.2892438768537	1.2055880113275E-15	552.391958966916
-10.4992284453085	1.2264414372061E-15	562.389754047883
-10.7092130141872	1.24623070915405E-15	572.387549128841
-10.9191975887117	1.26780280101108E-15	582.385344209681
-11.1291824008356	1.29063725105713E-15	592.38313928553
-11.3391958270192	1.31102025022939E-15	602.380933760344
-11.553397848059	1.33077299485547E-15	612.378639152389
-11.7774641381918	1.35067204006401E-15	622.376127335153
-12.0112843807733	1.37008492473886E-15	632.373392176454
-12.2546595454223	1.38978382958153E-15	642.370429022534
-12.5073869175754	1.40838852739656E-15	652.367233862337
-12.7692615348702	1.42604609283188E-15	662.363803311978
-13.0400766226523	1.44351740749301E-15	672.360134598957
-13.3196236573559	1.46078430614073E-15	682.356225554259
-13.6076926460023	1.47711442813929E-15	692.352074597446
-13.9040722480046	1.49275388741546E-15	702.347680724974
-14.2085498376189	1.5084915828078E-15	712.343043499497
-14.5209115122304	1.52281337331684E-15	722.338163040322
-14.840942054398	1.53774575219382E-15	732.33304001504
-15.1684248564191	1.55157338515639E-15	742.327675632243
-15.5031418169638	1.56569696432745E-15	752.322071635168
-15.8448732250071	1.57855895883374E-15	762.31623029582
-16.1933976226251	1.59129801835487E-15	772.310154409916
-16.5484911253939	1.60429383611531E-15	782.303847311257
-16.9099043838695	1.61882581837136E-15	792.297313699971
-17.2764813089704	1.63316733959031E-15	802.290592175325
-17.6436581926604	1.64705747409907E-15	812.283848954073
-18.0108460893206	1.66422932258617E-15	822.277105332677
-18.3780343037132	1.68135245236617E-15	832.270361699608
-18.7452225346905	1.69884838719632E-15	842.26361806593
-19.1124107671171	1.71667713712588E-15	852.256874432199
-19.4795989997216	1.73469038234212E-15	862.250130798461
-19.8467872323383	1.75271906924763E-15	872.243387164722
-20.2139754649292	1.77176804889124E-15	882.236643530985
-20.5811636974788	1.78988642266268E-15	892.229899897249
-20.9483519299837	1.80823669958447E-15	902.223156263515
-21.3155401624704	1.8262540229618E-15	912.216412629781
-21.6827283949399	1.84337294499647E-15	922.209668996048
-22.0499166273984	1.86048074802594E-15	932.202925362316
-22.4171048598671	1.8762318523826E-15	942.196181728583
-22.7842930924168	1.89244847927194E-15	952.189438094847
-23.1514813258196	1.90887009665279E-15	962.18269446108
-23.5186695713187	1.92534172125504E-15	972.175950826868
-23.8858580485614	1.94188037293894E-15	982.169207184141
-24.2530517517629	1.95904430264157E-15	992.162463349392
-24.6203231579098	1.97555929365163E-15	1002.15571665914
-24.9878578711555	1.99324370908087E-15	1012.14896028757
-25.3557013629814	2.01374416009373E-15	1022.14219255454
-25.7238562060997	2.03636419170965E-15	1032.13541335602
-26.092322380139	2.06073531433688E-15	1042.12862268308
-26.4610996408488	2.08734323267898E-15	1052.12182053501
-26.8301876417156	2.11507035980349E-15	1062.11500691491
-27.1995859525249	2.14441558684517E-15	1072.10818182901
-27.5692941473267	2.17490775251698E-15	1082.10134528343
-27.9393130261753	2.20559165445291E-15	1092.0944972389
-28.3096554150329	2.23785655106049E-15	1102.08763721034
-28.6803609835478	2.273009915117E-15	1112.08076371551
-29.0514709898422	2.31082651872719E-15	1122.07387520905
-29.4230243761387	2.35034648261592E-15	1132.06697022671
-29.7950610207471	2.39429880637074E-15	1142.06004726417
-30.1676220337847	2.44145420258548E-15	1152.05310476539
-30.540749658533	2.49566744575672E-15	1162.04614112554
-30.9144871779519	2.55632648102734E-15	1172.0391546937
-31.288879263212	2.62362028740128E-15	1182.032143759
-31.6639769319197	2.69759692071432E-15	1192.02510636347
-32.039864113356	2.77622685004131E-15	1202.01803929984
-32.4166472551407	2.86392203666361E-15	1212.01093849192
-32.7943707209992	2.96144417811355E-15	1222.00380218368
-33.1730497406594	3.07005355657938E-15	1231.99662971004
-33.5526952446317	3.19161358120614E-15	1241.98942056432
-33.9333172782898	3.32353876792076E-15	1251.98217427032
-34.3149254212416	3.46446789269542E-15	1261.97489036665
-34.6975295298988	3.61365241323198E-15	1271.96756837846
-35.0811458401964	3.77096650004229E-15	1281.96020758289
-35.4658425680262	3.93796012252925E-15	1291.95280524993
-35.8519157367405	4.11867256678525E-15	1301.94534982247
-36.2399744267404	4.31981793801263E-15	1311.93781745895
-36.6307930142347	4.55469497403893E-15	1321.93017748674
-37.025267513461	4.82955044391978E-15	1331.92239378362
-37.4243276555926	5.15578303313356E-15	1341.91442789781
-37.8286193055063	5.53839266973931E-15	1351.90625162579
-38.2382882474584	5.98068280517812E-15	1361.89785630773
-38.6532864614641	6.47992069637427E-15	1371.88924106525
-39.0735335465586	7.03329471200753E-15	1381.88040643724
-39.498943397021	7.64141534060977E-15	1391.87135332861
-39.9294279607824	8.3017133839025E-15	1401.86208286118
-40.3648978028009	9.0162848917508E-15	1411.85259635118
-40.805261359503	9.78459251791285E-15	1421.84289534278
-41.2504187500536	1.06050306623791E-14	1431.83298188611
-41.7002218517575	1.14745355430719E-14	1441.82286035209
-42.1542728825987	1.23923558738473E-14	1451.81254669063
-42.611495876023	1.33451318839022E-14	1461.80208845262
-43.0703815252732	1.43137298224864E-14	1471.79155406738
-43.5299687225037	1.52841216278286E-14	1481.78098745896
-43.9899409227869	1.62555543994829E-14	1491.77040313446
-44.4502440377665	1.72277944759905E-14	1501.75980356766
-44.9108902927128	1.82004560255621E-14	1511.74918818326
-45.3719056955313	1.91757126651849E-14	1521.73855576906
-45.8333196458672	2.01548131150451E-14	1531.7279049534
-46.2951630267334	2.11387738166067E-14	1541.71723429251
-46.7574678039006	2.21292823291891E-14	1551.70654228855
-47.2202668943624	2.31266443834451E-14	1561.69582739514
-47.6835940838517	2.4131257145589E-14	1571.68508802071
-48.1474839518916	2.51441260757935E-14	1581.67432253147
-48.6119717958161	2.61657910685978E-14	1591.66352925439
-49.077093551004	2.71963934869396E-14	1601.65270648038
-49.5428857025289	2.82372645800478E-14	1611.64185246785
-50.0093851692307	2.92878389503439E-14	1621.6309654476
-50.4766290778211	3.03488562972725E-14	1631.62004363285
-50.9446540507575	3.14209532559464E-14	1641.60908525214
-51.4134931932657	3.25067860539614E-14	1651.59808869054
-51.8831621241607	3.36052633997527E-14	1661.58705314752
-52.3536057390199	3.47186232372311E-14	1671.57598115081
-52.8246115689012	3.58410309736782E-14	1681.56488266344
-53.2958857222981	3.69671055721679E-14	1691.55377152328
-53.7672469907743	3.80934000580163E-14	1701.54265627348
-54.2386311859291	3.9220188201207E-14	1711.53153994186
-54.7100210301338	4.03473520371012E-14	1721.52042334366
-55.1814122822492	4.14752188382159E-14	1731.50930667902
-55.6528039024198	4.26029680274562E-14	1741.49818999701
-56.1241956251152	4.37311325576823E-14	1751.48707331016
-56.5955873784075	4.48594663995316E-14	1761.47595662187
-57.0669791414832	4.59870986707793E-14	1771.46483993312
-57.5383709079015	4.71144549739734E-14	1781.45372324421
-58.009762675535	4.82420331674819E-14	1791.44260655524
-58.4811544436363	4.93700852366812E-14	1801.43148986625
-58.9525462119272	5.04979919319878E-14	1811.42037317725
-59.4239379802985	5.16253589740339E-14	1821.40925648825
-59.8953297487052	5.2752839174573E-14	1831.39813979924
-60.366721517128	5.38799100886793E-14	1841.38702311024
-60.8381132855582	5.50067718450937E-14	1851.37590642123
-61.3095050539919	5.61338256611693E-14	1861.36478973222
-61.780896822427	5.7260724318375E-14	1871.35367304322
-62.2522885908628	5.83878466749836E-14	1881.34255635421
-62.7236803592986	5.95152148732807E-14	1891.33143966521
-63.1950721277344	6.0642539967281E-14	1901.3203229762
-63.6664638961699	6.17699747442434E-14	1911.30920628719
-64.1378556646052	6.28973881453026E-14	1921.29808959819
-64.6092474330403	6.40249285823555E-14	1931.28697290918
-65.0806392014751	6.51524113078778E-14	1941.27585622017
-65.5520309699097	6.62795267824636E-14	1951.26473953117
-66.0234227383441	6.74064729460565E-14	1961.25362284216
-66.4948145067783	6.85340608916609E-14	1971.24250615316
-66.9662062752123	6.96617960574565E-14	1981.23138946415
-67.4375980436461	7.07898158195011E-14	1991.22027277514
-67.9089898120798	7.19175678007317E-14	2001.20915608614
-68.3803815805133	7.30454945015427E-14	2011.19803939713
-68.8517733489467	7.41731533017647E-14	2021.18692270813
-69.3231651173799	7.5302342044059E-14	2031.17580601912
-69.794556885813	7.6430891468625E-14	2041.16468933011
-70.2659486542461	7.75597349215876E-14	2051.15357264111
-70.737340422679	7.86883618094199E-14	2061.1424559521
-71.2087321911119	7.9816952317428E-14	2071.1313392631
-71.6801239595446	8.09455594044504E-14	2081.12022257409
-72.1515157279773	8.20740402439376E-14	2091.10910588509
-72.6229074964099	8.32023475727897E-14	2101.09798919608
-73.0942992648425	8.43304188359273E-14	2111.08687250707
-73.5656910332749	8.54593641106708E-14	2121.07575581807
-74.0370828017074	8.65885698982862E-14	2131.06463912906
-74.5084745701398	8.77177630836696E-14	2141.05352244006
-74.9798663385721	8.88469869519003E-14	2151.04240575105
-75.4512581070044	8.99762807016824E-14	2161.03128906204
-75.9226498754366	9.11054330739953E-14	2171.02017237304
-76.3940416438688	9.22350616996951E-14	2181.00905568403
-76.865433412301	9.33645498256682E-14	2190.99793899502
-77.3368251807331	9.44940438040968E-14	2200.98682230602
-77.8082169491652	9.5623619871738E-14	2210.97570561701
-78.2796087175972	9.6752871200747E-14	2220.96458892801
-78.7510004860293	9.78818474260156E-14	2230.953472239
-79.2223922544613	9.90105661266794E-14	2240.94235555
-79.6937840228932	1.00139152428146E-13	2250.93123886099
-80.1651757913252	1.01267299365423E-13	2260.92012217198
-80.6365675597571	1.02395414324705E-13	2270.90900548298
-81.107959328189	1.03523486615078E-13	2280.89788879397
-81.5793510966209	1.04651323618292E-13	2290.88677210497
-82.0507428650528	1.05779476200493E-13	2300.87565541596
-82.5221346334846	1.06907583402166E-13	2310.86453872695
-82.9935264019165	1.08035428600573E-13	2320.85342203795
-83.4649181703483	1.09163523750166E-13	2330.84230534894
-83.9363099387801	1.10291438165527E-13	2340.83118865994
-84.4077017072119	1.11419424247245E-13	2350.82007197093
-84.8790934756437	1.12547172128928E-13	2360.80895528192
-85.3504852440754	1.13674929079369E-13	2370.79783859292
-85.8218770125072	1.14802736906749E-13	2380.78672190391
-86.293268780939	1.1593044505588E-13	2390.77560521491
-86.7646605493707	1.17058222923094E-13	2400.7644885259
-87.2360523178024	1.18186006864481E-13	2410.75337183689
-87.7074440862342	1.19313906787655E-13	2420.74225514789
-88.1788358546659	1.20441650225549E-13	2430.73113845888
-88.6502276230976	1.21569125419398E-13	2440.72002176988
-89.1216193915293	1.22695817662425E-13	2450.70890508087
-89.593011159961	1.23822463435233E-13	2460.69778839186
-90.0644029283927	1.24949081643143E-13	2470.68667170286
-90.5357946968244	1.26075699692669E-13	2480.67555501385
-91.0071864652561	1.27202331806292E-13	2490.66443832485
-91.4785782336877	1.28329239240693E-13	2500.65332163584
-91.9499700021194	1.29456390489055E-13	2510.64220494683
-92.4213617705511	1.30583413618766E-13	2520.63108825783
-92.8927535389827	1.31710427281068E-13	2530.61997156882
-93.3641453074144	1.32837277208989E-13	2540.60885487982
-93.835537075846	1.33964120497318E-13	2550.59773819081
-94.3069288442777	1.35091062568052E-13	2560.5866215018
-94.7783206127093	1.36217865230907E-13	2570.5755048128
-95.249712381141	1.37344529307286E-13	2580.56438812379
-95.7211041495726	1.38471258114731E-13	2590.55327143479
-96.1924959180043	1.39598133551881E-13	2600.54215474578
-96.6638876864359	1.40725058543501E-13	2610.53103805677
-97.1352794548675	1.41850936454274E-13	2620.51992136777
-97.6066712232992	1.42976825828702E-13	2630.50880467876
-98.0780629917308	1.44102955271673E-13	2640.49768798976
-98.5494547601624	1.45228963333699E-13	2650.48657130075
-99.020846528594	1.46354935942673E-13	2660.47545461174
-99.4922382970257	1.4748109865675E-13	2670.46433792274
-99.9636300654573	1.48607161313729E-13	2680.45322123373
-100.435021833889	1.49733226480769E-13	2690.44210454473
-100.906413602321	1.50859126540821E-13	2700.43098785572
-101.377805370752	1.51984947318091E-13	2710.41987116671
-101.849197139184	1.5311088785909E-13	2720.40875447771
-102.320588907615	1.54236785102205E-13	2730.3976377887
-102.791980676047	1.55362587092816E-13	2740.3865210997
-103.263372444479	1.56488494720427E-13	2750.37540441069
-103.73476421291	1.57614580953883E-13	2760.36428772168
-104.206155981342	1.58740727575282E-13	2770.35317103268
-104.677547749774	1.5986694001333E-13	2780.34205434367
-105.148939518205	1.609931552064E-13	2790.33093765467
-105.620331286637	1.62119404612188E-13	2800.31982096566
-106.091723055068	1.63245814311952E-13	2810.30870427665
-106.5631148235	1.64372314287713E-13	2820.29758758765
-107.034506591932	1.65498411953379E-13	2830.28647089864
-107.505898360363	1.66624511159327E-13	2840.27535420964
-107.977290128795	1.67750509006872E-13	2850.26423752063
-108.448681897227	1.68876369773307E-13	2860.25312083162
-108.920073665658	1.70002289209812E-13	2870.24200414262
-109.39146543409	1.71128304269015E-13	2880.23088745361
-109.862857202521	1.7225440651588E-13	2890.21977076461
-110.334248970953	1.73380618532132E-13	2900.2086540756
-110.805640739385	1.74506786127623E-13	2910.19753738659
-111.277032507816	1.75632917547121E-13	2920.18642069759
-111.748424276248	1.76759231490651E-13	2930.17530400858
-112.21981604468	1.7788538263268E-13	2940.16418731958
-112.691207813111	1.79011465154361E-13	2950.15307063057
-113.162599581543	1.80137735441602E-13	2960.14195394156
-113.633991349975	1.81264092713559E-13	2970.13083725256
-114.105383118406	1.82390018077941E-13	2980.11972056355
-114.576774886838	1.83515916548277E-13	2990.10860387455
-0.209984568921762	2.57157079774568E-17	72.4977950809573
-0.419969137843525	5.1449338646547E-17	82.4955901619147
-0.629953706765287	7.71749775651994E-17	92.493385242872
-0.83993827568705	1.02922293299811E-16	102.491180323829
-1.04992284460881	1.28670302218473E-16	112.488975404787
-1.25990741353057	1.5437776597937E-16	122.486770485744
-1.46989198245234	1.80058392739993E-16	132.484565566701
-1.6798765513741	2.05671326851907E-16	142.482360647659
-1.88986112029586	2.31270201035231E-16	152.480155728616
-2.09984568921763	2.56852167019469E-16	162.477950809573
-2.30983025813939	2.82425888561362E-16	172.475745890531
-2.51981482706115	3.0797354379376E-16	182.473540971488
-2.72979939598291	3.33527195190072E-16	192.471336052445
-2.93978396490468	3.59056986980223E-16	202.469131133403
-3.14976853382644	3.84617785996713E-16	212.46692621436
-3.3597531027482	4.10169466003996E-16	222.464721295317
-3.56973767166997	4.35728959458074E-16	232.462516376275
-3.77972224059173	4.61344552120448E-16	242.460311457232
-3.98970680951349	4.86880459260984E-16	252.458106538189
-4.19969137843526	5.1241826637104E-16	262.455901619147
-4.40967594735702	5.37958192121663E-16	272.453696700104
-4.61966051627879	5.63544971863097E-16	282.451491781061
-4.82964508520055	5.89106184809541E-16	292.449286862019
-5.03962965412232	6.14688050305607E-16	302.447081942976
-5.24961422304408	6.403207977378E-16	312.444877023933
-5.45959879196585	6.65979164859058E-16	322.442672104891
-5.66958336088762	6.91659939361656E-16	332.440467185848
-5.87956792980938	7.17351446691003E-16	342.438262266805
-6.08955249873115	7.43064873772405E-16	352.436057347763
-6.29953706765291	7.68796640546771E-16	362.43385242872
-6.50952163657468	7.94648237264209E-16	372.431647509677
-6.71950620549645	8.20388185192292E-16	382.429442590635
-6.92949077441822	8.46177021963034E-16	392.427237671592
-7.13947534333998	8.71852596567567E-16	402.425032752549
-7.34945991226175	8.97564250865925E-16	412.422827833507
-7.55944448118352	9.23309723888707E-16	422.420622914464
-7.76942905010528	9.48996674265267E-16	432.418417995421
-7.97941361902705	9.74742050845117E-16	442.416213076379
-8.18939818794882	1.00055139835814E-15	452.414008157336
-8.39938275687059	1.02626392387111E-15	462.411803238293
-8.60936732579236	1.05190681631631E-15	472.409598319251
-8.81935189471414	1.07738425029901E-15	482.407393400208
-9.02933646363594	1.10295788786235E-15	492.405188481165
-9.23932103255779	1.12857478468568E-15	502.402983562123
-9.44930560147974	1.15417351861043E-15	512.40077864308
-9.65929017040193	1.17974802219383E-15	522.398573724037
-9.86927473931839	1.20531788115715E-15	532.396368804995
-10.0792593082205	1.2309530193507E-15	542.394163885952
-10.2892438771118	1.25667174898511E-15	552.39195896691
-10.4992284459521	1.28237851958247E-15	562.389754047869
-10.7092130148663	1.3079592284765E-15	572.387549128827
-10.9191975847658	1.33341176517194E-15	582.385344209764
-11.1291821961275	1.35907027161438E-15	592.38313928983
-11.3391718007846	1.3854265675798E-15	602.38093426502
-11.5498923398369	1.41185424256598E-15	612.378713854548
-11.7623346863187	1.43834982121675E-15	622.376456975271
-11.9764811691353	1.46491958970045E-15	632.374163740205
-12.1922999253026	1.49150455500645E-15	642.371834547202
-12.4097594507693	1.51795874609245E-15	652.369469801675
-12.6288287571073	1.5441351820333E-15	662.367069913248
-12.8494773669282	1.57010963194075E-15	672.364635295238
-13.0716752556116	1.59590714928922E-15	682.362166365355
-13.295392841088	1.62160091169818E-15	692.359663545366
-13.5206009569916	1.64705986734721E-15	702.357127261172
-13.7472708257554	1.67239744076985E-15	712.354557942911
-13.9753740318445	1.69763516616123E-15	722.351956025089
-14.2048824953323	1.72265515670364E-15	732.349321946734
-14.4357684459794	1.74749578865242E-15	742.346656151571
-14.6680043979957	1.77205320077337E-15	752.343959088201
-14.9015631255345	1.79659225741136E-15	762.341231210292
-15.1364176365009	1.82092739566134E-15	772.338472976835
-15.3725410713539	1.84522850621335E-15	782.335684854193
-15.6099033807042	1.86970098300568E-15	792.332867394799
-15.8483182875641	1.89452254318939E-15	802.330024893561
-16.0868453629583	1.91985469256138E-15	812.327179730372
-16.3253740336762	1.94521194170878E-15	822.324334529275
-16.5639027439324	1.97049111096171E-15	832.321489327236
-16.802431456074	1.99577425484728E-15	842.318644125151
-17.0409601683781	2.02103069445908E-15	852.315798923063
-17.2794888807007	2.04621818334484E-15	862.312953720974
-17.5180175930223	2.07146250006266E-15	872.310108518885
-17.7565463053374	2.09668216208335E-15	882.307263316796
-17.9950750176435	2.12194129787117E-15	892.304418114708
-18.2336037299435	2.14721602839103E-15	902.30157291262
-18.47213244224	2.17256984062082E-15	912.298727710531
-18.7106611545341	2.19787471893044E-15	922.295882508443
-18.9491898668282	2.22317225827979E-15	932.293037306355
-19.1877185791233	2.24848847137344E-15	942.290192104267
-19.4262472914256	2.27368433614702E-15	952.287346902178
-19.6647760038109	2.29890575240467E-15	962.284501700088
-19.9033047175692	2.32413634660335E-15	972.281656497965
-20.1418334664959	2.34952437972063E-15	982.278811295003
-20.3803635285937	2.37495502961581E-15	992.275966060708
-20.618934313548	2.40069733992809E-15	1002.27311985467
-20.8576867911819	2.42893269081348E-15	1012.2702693107
-21.0966461995512	2.45942593599703E-15	1022.26741382253
-21.335817439734	2.49255271359869E-15	1032.26455326873
-21.5752047278275	2.5288759416332E-15	1042.26168754384
-21.8148121345692	2.56782439004527E-15	1052.25881654563
-22.0546436017413	2.60878521816155E-15	1062.2559401747
-22.2947029435903	2.65276616697414E-15	1072.25305833442
-22.5349938615036	2.69920387294507E-15	1082.25017093063
-22.7755203343961	2.74833590901878E-15	1092.24727786223
-23.0162946085435	2.80055324555724E-15	1102.24437882869
-23.2573564542667	2.85636440351126E-15	1112.24147286475
-23.4987394964113	2.91606059057158E-15	1122.23855915032
-23.7404746651938	2.97974813864165E-15	1132.23563692721
-23.9825932797848	3.047942684413E-15	1142.23270542451
-24.2251269815501	3.12092200903643E-15	1152.22976385989
-24.4681075237003	3.19944715402881E-15	1162.22681144436
-24.7115665670845	3.28301665398807E-15	1172.22384738693
-24.9555355842921	3.37199539303979E-15	1182.22087089663
-25.2000478689904	3.4663318490028E-15	1192.21788113314
-25.4451683217112	3.56638762871747E-15	1202.2148764753
-25.6910098335562	3.67470232652113E-15	1212.21185410961
-25.9376079576174	3.79102662311527E-15	1222.20881310833
-26.1849775499097	3.91507569282209E-15	1232.20575304693
-26.4331317599556	4.04710464067755E-15	1242.20267353946
-26.6820831387477	4.18690428847663E-15	1252.19957421177
-26.9318437077099	4.33466633228425E-15	1262.19645469993
-27.1824250704683	4.49040361746527E-15	1272.19331464754
-27.4338399276092	4.65298507231347E-15	1282.19015366774
-27.6861254197492	4.82339358461805E-15	1292.18697075323
-27.9395365719398	5.00519762579653E-15	1302.18375936113
-28.1945457941359	5.20148361663203E-15	1312.18050731523
-28.451542169028	5.41422155143861E-15	1322.17720436353
-28.7108699088926	5.64199754236082E-15	1332.17384118617
-28.9728113859428	5.88305373165709E-15	1342.17040984516
-29.2375290956898	6.13584850128936E-15	1352.1669053614
-29.5050470976471	6.40013170876123E-15	1362.16332632878
-29.7753488557332	6.67502250313035E-15	1372.15967241228
-30.0484127552897	6.96127384518247E-15	1382.15594342692
-30.3242163107711	7.25842618689917E-15	1392.15213922939
-30.6027366300871	7.56618108649268E-15	1402.14825970612
-30.8839504744234	7.88455396055578E-15	1412.14430477198
-31.1678341776572	8.21285552197209E-15	1422.14027437277
-31.4543628836305	8.55208342320413E-15	1432.13616850738
-31.7435039011205	8.90131936368208E-15	1442.13198742155
-32.0351661718018	9.26136839992466E-15	1452.12773309306
-32.3289914939943	9.63304935713776E-15	1462.12341543642
-32.6241635873869	1.00155106954133E-14	1472.1190581362
-32.9199861648806	1.04045656037065E-14	1482.11468162334
-33.2162602168254	1.07988997240868E-14	1492.11029174155
-33.5129879152791	1.11988393134736E-14	1502.10588840315
-33.8102043624383	1.16050438033204E-14	1512.10147054347
-34.1079489688904	1.20177835572533E-14	1522.09703696461
-34.4062622309274	1.24397377099267E-14	1532.09258643009
-34.7051851832379	1.28712658090055E-14	1542.08811768038
-35.0047591333613	1.3313500283757E-14	1552.08362944028
-35.3050254293043	1.3766827164825E-14	1562.0791204253
-35.6060252327733	1.4231324025466E-14	1572.07458934795
-35.9077992965352	1.47075132875601E-14	1582.07003492404
-36.2103877478578	1.51961714258013E-14	1592.06545587881
-36.5138298802868	1.56968894982258E-14	1602.06085095304
-36.8181639555755	1.62098707757011E-14	1612.05621890883
-37.1234270160665	1.6735915606239E-14	1622.05155853527
-37.4296547013721	1.7275667491511E-14	1632.04686865412
-37.7368810307756	1.78289578606695E-14	1642.0421481266
-38.0451379057204	1.83956107785745E-14	1652.03739586907
-38.3544516748399	1.89761987738018E-14	1662.03261095994
-38.6648020251582	1.95703502219631E-14	1672.0277939193
-38.9759138260138	2.01749973984489E-14	1682.02295321279
-39.2872865959014	2.07820349610995E-14	1692.01810438629
-39.5987049456443	2.13892931283907E-14	1702.0132541406
-39.9101300381839	2.19965836473564E-14	1712.00840368484
-40.2215561911316	2.26038332511379E-14	1722.00355319604
-40.5329825312181	2.32113108268294E-14	1731.99870270141
-40.8444089086931	2.3818981591693E-14	1741.99385220561
-41.1558352945904	2.44265984373987E-14	1751.98900170955
-41.4672616826085	2.50341738526125E-14	1761.98415121343
-41.7786880712176	2.56418182428359E-14	1771.97930071729
-42.090114460007	2.62494786325308E-14	1781.97445022114
-42.401540848856	2.68569552063075E-14	1791.96959972499
-42.7129672377261	2.74643749190333E-14	1801.96474922884
-43.0243936266042	2.80716816213101E-14	1811.95989873269
-43.3358200154854	2.86789077086152E-14	1821.95504823654
-43.6472464043678	2.92860778653927E-14	1831.95019774039
-43.9586727932507	2.98932157352832E-14	1841.94534724424
-44.2700991821338	3.05002791079845E-14	1851.94049674809
-44.5815255710169	3.11073712369158E-14	1861.93564625194
-44.8929519599	3.17145809922011E-14	1871.93079575579
-45.2043783487831	3.2321810027079E-14	1881.92594525964
-45.5158047376661	3.29290261836318E-14	1891.92109476349
-45.8272311265491	3.35361942367123E-14	1901.91624426734
-46.138657515432	3.41434248691318E-14	1911.91139377119
-46.4500839043149	3.47506871303323E-14	1921.90654327504
-46.7615102931977	3.53578340872682E-14	1931.90169277889
-47.0729366820805	3.59648623396565E-14	1941.89684228274
-47.3843630709633	3.65718472561554E-14	1951.89199178659
-47.6957894598461	3.71788642305982E-14	1961.88714129044
-48.0072158487288	3.7785859743885E-14	1971.88229079429
-48.3186422376115	3.83926783559637E-14	1981.87744029814
-48.6300686264941	3.89995871036349E-14	1991.87258980199
-48.9414950153768	3.96063987671013E-14	2001.86773930584
-49.2529214042594	4.02132114772924E-14	2011.86288880969
-49.564347793142	4.08199683925135E-14	2021.85803831353
-49.8757741820246	4.14266925276602E-14	2031.85318781738
-50.1872005709072	4.2033270777366E-14	2041.84833732123
-50.4986269597898	4.26397952313714E-14	2051.84348682508
-50.8100533486723	4.32462680439736E-14	2061.83863632893
-51.1214797375548	4.38527754618586E-14	2071.83378583278
-51.4329061264374	4.44593053146497E-14	2081.82893533663
-51.7443325153199	4.50658334422966E-14	2091.82408484048
-52.0557589042024	4.56724108613668E-14	2101.81923434433
-52.367185293085	4.62789761925822E-14	2111.81438384818
-52.6786116819674	4.68855596404229E-14	2121.80953335203
-52.9900380708499	4.74920857961179E-14	2131.80468285588
-53.3014644597324	4.80985635842284E-14	2141.79983235973
-53.6128908486149	4.87051086597512E-14	2151.79498186358
-53.9243172374974	4.93116005372721E-14	2161.79013136743
-54.2357436263799	4.99181147102999E-14	2171.78528087128
-54.5471700152623	5.05245565502611E-14	2181.78043037513
-54.8585964041448	5.11310763520982E-14	2191.77557987898
-55.1700227930272	5.17375598012848E-14	2201.77072938283
-55.4814491819097	5.23440609689268E-14	2211.76587888668
-55.7928755707921	5.29506031186986E-14	2221.76102839053
-56.1043019596746	5.3557150072223E-14	2231.75617789438
-56.415728348557	5.4163705220916E-14	2241.75132739823
-56.7271547374394	5.47702353759756E-14	2251.74647690208
-57.0385811263219	5.53767724660373E-14	2261.74162640593
-57.3500075152043	5.59832988399353E-14	2271.73677590978
-57.6614339040867	5.65898544918238E-14	2281.73192541363
-57.9728602929691	5.71964070906617E-14	2291.72707491747
-58.2842866818516	5.78029559907963E-14	2301.72222442132
-58.595713070734	5.84095752435226E-14	2311.71737392517
-58.9071394596164	5.90162132124588E-14	2321.71252342902
-59.2185658484988	5.96228461274959E-14	2331.70767293287
-59.5299922373812	6.02294432675945E-14	2341.70282243672
-59.8414186262636	6.08360573736707E-14	2351.69797194057
-60.152845015146	6.1442653238141E-14	2361.69312144442
-60.4642714040284	6.20492309388165E-14	2371.68827094827
-60.7756977929109	6.265582795467E-14	2381.68342045212
-61.0871241817933	6.32624304000459E-14	2391.67856995597
-61.3985505706757	6.38690212356309E-14	2401.67371945982
-61.7099769595581	6.44755305448179E-14	2411.66886896367
-62.0214033484405	6.50820785245832E-14	2421.66401846752
-62.3328297373229	6.56886407067027E-14	2431.65916797137
-62.6442561262053	6.62952221186342E-14	2441.65431747522
-62.9556825150877	6.69018089252687E-14	2451.64946697907
-63.2671089039701	6.75084373868249E-14	2461.64461648292
-63.5785352928525	6.81151121551433E-14	2471.63976598677
-63.8899616817349	6.87218347973546E-14	2481.63491549062
-64.2013880706173	6.93285404161066E-14	2491.63006499447
-64.5128144594997	6.99352179281118E-14	2501.62521449832
-64.824240848382	7.05418800678111E-14	2511.62036400217
-65.1356672372644	7.11485309420939E-14	2521.61551350602
-65.4470936261468	7.17552212400557E-14	2531.61066300987
-65.7585200150292	7.23618947017694E-14	2541.60581251372
-66.0699464039116	7.2968572402451E-14	2551.60096201757
-66.381372792794	7.35752138613965E-14	2561.59611152141
-66.6927991816764	7.41819033115962E-14	2571.59126102526
-67.0042255705588	7.47886337608046E-14	2581.58641052911
-67.3156519594412	7.53953033805463E-14	2591.58156003296
-67.6270783483236	7.60020060920569E-14	2601.57670953681
-67.938504737206	7.66086604680746E-14	2611.57185904066
-68.2499311260884	7.72152991285715E-14	2621.56700854451
-68.5613575149708	7.78219491425235E-14	2631.56215804836
-68.8727839038531	7.84285561359602E-14	2641.55730755221
-69.1842102927355	7.90351579113543E-14	2651.55245705606
-69.4956366816179	7.96417300420276E-14	2661.54760655991
-69.8070630705003	8.0248304703403E-14	2671.54275606376
-70.1184894593827	8.08549134251292E-14	2681.53790556761
-70.4299158482651	8.14615004739528E-14	2691.53305507146
-70.7413422371474	8.20680914342821E-14	2701.52820457531
-71.0527686260298	8.26746568299698E-14	2711.52335407916
-71.3641950149122	8.32812423602936E-14	2721.51850358301
-71.6756214037946	8.38878068358658E-14	2731.51365308686
-71.987047792677	8.44943529308915E-14	2741.50880259071
-72.2984741815594	8.51009113996473E-14	2751.50395209456
-72.6099005704418	8.57074378173058E-14	2761.49910159841
-72.9213269593241	8.63139662130583E-14	2771.49425110226
-73.2327533482065	8.69204902102397E-14	2781.48940060611
-73.5441797370889	8.75270628211131E-14	2791.48455010996
-73.8556061259713	8.81336473870442E-14	2801.47969961381
-74.1670325148537	8.87402545552189E-14	2811.47484911766
-74.4784589037361	8.93468802871426E-14	2821.46999862151
-74.7898852926185	8.99534955813874E-14	2831.46514812536
-75.1013116815008	9.0560094831543E-14	2841.4602976292
-75.4127380703832	9.11666880482248E-14	2851.45544713305
-75.7241644592656	9.17732324571447E-14	2861.4505966369
-76.035590848148	9.23797576179897E-14	2871.44574614075
-76.3470172370304	9.29862885910332E-14	2881.4408956446
-76.6584436259128	9.35927740131474E-14	2891.43604514845
-76.9698700147951	9.41992750458757E-14	2901.4311946523
-77.2812964036775	9.48057819482036E-14	2911.42634415615
-77.5927227925599	9.54122856183862E-14	2921.42149366
-77.9041491814423	9.60188163608388E-14	2931.41664316385
-78.2155755703247	9.66253505441078E-14	2941.4117926677
-78.5270019592071	9.72318677634636E-14	2951.40694217155
-78.8384283480895	9.78383965553194E-14	2961.4020916754
-79.1498547369718	9.84449211473597E-14	2971.39724117925
-79.4612811258542	9.90514424704034E-14	2981.3923906831
-79.7727075147366	9.96579534207039E-14	2991.38754018695
